10
2
2
4
6
4
3
7
7
2
5
198
49
50
49
49
50
49
49
50
49
49
54
49
49
50
49
49
50
53
51
52
49
70
50
66
49
50
65
51
52
73
53
65
49
61
50
51
49
79
54
51
50
60
51
52
49
75
50
51
49
50
57
51
87
73
63
52
63
88
56
49
49
50
97
56
52
49
100
50
51
49
50
68
51
86
60
53
52
103
53
54
66
55
56
49
49
85
89
59
83
136
63
50
49
49
50
93
71
64
139
88
52
82
87
152
49
128
115
51
87
121
55
99
88
57
110
108
118
128
50
102
49
95
49
92
143
53
49
76
138
126
50
49
166
160
51
115
50
51
165
52
53
49
50
190
84
56
139
141
58
149
148
95
126
94
145
49
163
78
191
58
208
167
169
51
61
138
155
83
85
87
89
146
91
181
93
111
95
97
99
103
121
105
128
192
107
131
133
137
139
141
202
145
147
149
211
215
217
219
