100
3323191
3023326
9309119
13
9325574
4751053
7551991
3132736
3855409
140839
5331653
6
7783893
1144
1264969
10000000
9999971
6865010
1221469
8
3949061
4
3410821
8237213
9299449
9999973
6716541
2295773
9987391
4170220
9682616
3929879
1507483
8697851
9999991
2196613
1
9999998
1750607
3702389
1481717
5103067
928009
9
5462959
9999995
10
9999162
6735763
5388168
6513281
5001361
5094841
9999999
11
3877633
4461642
615403
2
8603593
2044523
7
7203246
4461643
8763892
2610613
1862603
2360890
1281246
9999996
5
9999163
6987083
9971849
8873129
3191803
4125389
559513
592432
7762723
9999997
6697461
8248729
9999972
4461641
983469
3
8460583
8184167
7742461
9999930
390548
12
9999929
9999161
9999931
4936439
6704676
1403870
4572049
